3
5
8
13
21
34
55
89
144
233
377
610
987
1597
2584
4181
6765
10946
17711
28657
46368
75025
121393
196418
317811
514229
832040
1346269
2178309
3524578
5702887
9227465
14930352
24157817
39088169
63245986
102334155
165580141
267914296
433494437
701408733
1134903170
1836311903
2971215073
4807526976
7778742049
12586269025
20365011074
32951280099
53316291173
86267571272
139583862445
225851433717
365435296162
591286729879
956722026041
1548008755920
2504730781961
4052739537881
6557470319842
10610209857723
17167680177565
27777890035288
44945570212853
72723460248141
117669030460994
190392490709135
308061521170129
498454011879264
806515533049393
1304969544928660
2111485077978040
3416454622906720
5527939700884760
8944394323791520
14472334024676160
23416728348467520
37889062373144000
61305790721611520
99194853094755200
160500643816368640
259695496911121920
420196140727488000
679891637638609920
1100087778366095360
1779979416004710400
2880067194370826240
4660046610375516160
7540113804746301440
12200160415121817600
19740274219868160000
31940434634989895680
51680708854857728000
83621143489848279040
135301852344705351680
218922995834552320000
354224848179261603840
573147844013819166720
927372692193075527680
1500520536206884208640
2427893228399944007680
3928413764606870159360
6356306993006772224000
10284720757613768212480
16641027750620288778240
26925748508234308648960
43566776258855100743680
70492524767088906076160
114059301025944342364160
184551825793034590617600
298611126818975577538560
483162952612006141624320
781774079430984403517440
1264937032043001282560000
2046711111473974948659200
3311648143516976231219200
5358359254990897492787200
8670007398508045522698240
14028366653498943015485440
22698374052007160336875520
36726740705506103352360960
59425114757513263689236480
96151855463020054236364800
155576970220530912743915520
251728825683553028564582400
407305795904083941308497920
659034621587634221094010880
1066340417491729157518786560
1725375039079363378612797440
2791715456571092536131584000
4517090495650389944046714880
7308805952221526460643409920
11825896447872004365620346880
19134702400093442865333534720
30960598847964919465372549120
50095301248058010486985195520
81055900096025041014683074560
131151201344079533064459386880
212207101440107388828909568000
